1000 1
0 5.291502
1 5.567764
2 5.291502
3 5.477226
4 5.291502
5 5.291502
6 4.472136
7 5.385165
8 5.567764
9 5.567764
10 5.385165
11 4.898980
12 5.830952
13 5.291502
14 5.196152
15 4.472136
16 5.656854
17 5.385165
18 5.099020
19 5.099020
20 5.385165
21 5.000000
22 4.000000
23 5.000000
24 5.567764
25 5.656854
26 5.744563
27 5.656854
28 4.898980
29 5.196152
30 5.656854
31 5.830952
32 5.385165
33 5.477226
34 5.477226
35 4.690416
36 5.656854
37 5.656854
38 5.291502
39 5.477226
40 5.291502
41 4.898980
42 4.582576
43 4.690416
44 5.291502
45 5.567764
46 5.385165
47 5.656854
48 5.656854
49 4.690416
50 4.582576
51 5.291502
52 5.567764
53 5.477226
54 5.477226
55 5.916080
56 5.567764
57 5.099020
58 4.795832
59 5.656854
60 4.898980
61 5.385165
62 5.567764
63 5.196152
64 5.656854
65 4.898980
66 5.385165
67 5.656854
68 5.385165
69 4.898980
70 5.656854
71 5.196152
72 6.000000
73 5.099020
74 4.898980
75 5.744563
76 5.477226
77 5.196152
78 5.291502
79 3.872983
80 4.795832
81 5.477226
82 5.385165
83 5.196152
84 5.196152
85 5.000000
86 3.464102
87 5.291502
88 5.291502
89 5.916080
90 5.477226
91 5.656854
92 5.567764
93 5.744563
94 5.385165
95 5.477226
96 5.291502
97 5.477226
98 5.385165
99 5.656854
100 5.099020
101 5.477226
102 5.744563
103 5.099020
104 5.567764
105 5.196152
106 5.196152
107 5.477226
108 4.898980
109 5.744563
110 5.291502
111 5.385165
112 5.744563
113 5.567764
114 4.690416
115 5.744563
116 5.567764
117 5.477226
118 5.196152
119 5.477226
120 5.385165
121 5.567764
122 4.898980
123 5.656854
124 5.744563
125 5.385165
126 5.385165
127 5.656854
128 5.291502
129 5.000000
130 5.656854
131 5.291502
132 5.744563
133 5.567764
134 5.385165
135 5.196152
136 5.099020
137 5.656854
138 5.567764
139 5.567764
140 5.744563
141 5.099020
142 5.744563
143 5.196152
144 5.099020
145 5.196152
146 4.898980
147 5.000000
148 5.000000
149 5.567764
150 5.291502
151 5.385165
152 5.099020
153 5.477226
154 5.291502
155 5.656854
156 5.567764
157 5.099020
158 5.385165
159 5.196152
160 5.385165
161 5.477226
162 5.099020
163 5.099020
164 5.477226
165 5.385165
166 5.099020
167 5.196152
168 5.099020
169 5.385165
170 5.567764
171 5.291502
172 5.477226
173 5.477226
174 4.582576
175 5.656854
176 5.291502
177 5.830952
178 5.099020
179 5.656854
180 5.477226
181 5.567764
182 5.830952
183 5.291502
184 5.385165
185 5.830952
186 5.385165
187 5.567764
188 5.099020
189 5.567764
190 5.291502
191 5.385165
192 5.291502
193 4.123106
194 5.099020
195 5.099020
196 5.385165
197 5.385165
198 5.477226
199 4.000000
200 5.477226
201 5.477226
202 5.744563
203 4.358899
204 5.656854
205 4.472136
206 5.567764
207 4.795832
208 5.291502
209 4.898980
210 4.582576
211 5.291502
212 5.385165
213 5.099020
214 5.099020
215 5.567764
216 5.385165
217 5.291502
218 4.582576
219 5.656854
220 5.477226
221 5.477226
222 3.605551
223 5.567764
224 5.099020
225 5.196152
226 5.000000
227 4.898980
228 4.242640
229 5.656854
230 4.795832
231 5.099020
232 5.567764
233 5.656854
234 5.477226
235 5.477226
236 5.196152
237 5.099020
238 5.477226
239 5.477226
240 4.795832
241 5.196152
242 5.291502
243 5.567764
244 5.656854
245 5.291502
246 5.830952
247 5.477226
248 5.744563
249 5.196152
250 5.567764
251 5.744563
252 5.656854
253 4.898980
254 5.567764
255 5.385165
256 4.582576
257 5.656854
258 5.656854
259 4.898980
260 5.916080
261 5.477226
262 5.567764
263 5.477226
264 5.477226
265 5.196152
266 4.472136
267 4.690416
268 5.744563
269 5.196152
270 5.099020
271 4.123106
272 5.196152
273 4.690416
274 5.385165
275 5.196152
276 5.291502
277 5.196152
278 4.898980
279 4.690416
280 4.123106
281 5.099020
282 4.795832
283 5.099020
284 4.472136
285 5.656854
286 3.605551
287 5.196152
288 5.099020
289 3.464102
290 5.385165
291 3.741657
292 4.795832
293 4.795832
294 5.000000
295 5.196152
296 5.744563
297 5.291502
298 4.358899
299 5.656854
300 5.830952
301 4.472136
302 5.830952
303 5.385165
304 4.582576
305 5.477226
306 5.477226
307 5.000000
308 5.477226
309 5.196152
310 5.477226
311 5.196152
312 5.744563
313 5.196152
314 5.656854
315 5.916080
316 4.898980
317 5.385165
318 5.291502
319 5.291502
320 5.744563
321 5.830952
322 5.477226
323 4.582576
324 5.477226
325 5.385165
326 5.656854
327 5.385165
328 4.898980
329 5.385165
330 5.477226
331 5.196152
332 4.690416
333 5.744563
334 5.567764
335 5.196152
336 5.567764
337 5.830952
338 4.358899
339 5.656854
340 5.000000
341 5.830952
342 5.196152
343 5.744563
344 4.582576
345 5.567764
346 4.582576
347 5.656854
348 5.477226
349 5.000000
350 5.477226
351 4.795832
352 5.000000
353 5.477226
354 4.242640
355 5.744563
356 5.385165
357 5.830952
358 5.196152
359 5.099020
360 5.196152
361 5.656854
362 5.744563
363 5.567764
364 5.477226
365 5.196152
366 5.385165
367 5.385165
368 5.744563
369 5.744563
370 4.242640
371 5.567764
372 5.196152
373 5.385165
374 5.744563
375 5.000000
376 5.477226
377 4.582576
378 5.099020
379 5.656854
380 5.567764
381 5.385165
382 5.196152
383 5.744563
384 5.567764
385 4.690416
386 5.385165
387 4.123106
388 5.567764
389 5.291502
390 5.099020
391 5.291502
392 5.196152
393 5.099020
394 5.567764
395 4.898980
396 5.477226
397 2.236068
398 5.656854
399 5.656854
400 4.795832
401 5.099020
402 4.582576
403 5.196152
404 5.477226
405 5.567764
406 5.477226
407 5.477226
408 5.744563
409 5.477226
410 5.196152
411 5.477226
412 5.656854
413 5.567764
414 5.196152
415 5.196152
416 5.477226
417 5.656854
418 5.000000
419 5.385165
420 5.385165
421 5.385165
422 5.477226
423 5.830952
424 5.385165
425 5.477226
426 5.567764
427 4.898980
428 5.567764
429 5.656854
430 5.477226
431 4.358899
432 5.385165
433 5.477226
434 4.472136
435 5.830952
436 5.656854
437 5.477226
438 5.099020
439 5.196152
440 4.898980
441 5.099020
442 4.472136
443 5.291502
444 4.472136
445 5.291502
446 5.744563
447 5.567764
448 5.000000
449 5.656854
450 5.744563
451 5.291502
452 4.000000
453 5.196152
454 5.385165
455 5.291502
456 5.000000
457 5.000000
458 4.690416
459 5.000000
460 5.567764
461 5.567764
462 5.567764
463 5.477226
464 5.567764
465 5.000000
466 5.477226
467 5.656854
468 5.291502
469 5.385165
470 5.477226
471 5.385165
472 5.000000
473 5.567764
474 5.196152
475 3.000000
476 5.744563
477 4.472136
478 5.744563
479 4.898980
480 4.898980
481 5.385165
482 5.656854
483 5.477226
484 5.656854
485 5.099020
486 5.567764
487 5.656854
488 5.656854
489 3.872983
490 5.000000
491 5.567764
492 5.744563
493 5.291502
494 5.385165
495 5.567764
496 5.744563
497 4.242640
498 5.477226
499 5.477226
500 5.477226
501 5.477226
502 5.656854
503 5.385165
504 4.358899
505 5.567764
506 5.291502
507 5.099020
508 5.196152
509 5.291502
510 5.744563
511 5.099020
512 5.477226
513 5.385165
514 5.744563
515 5.000000
516 5.477226
517 5.656854
518 5.385165
519 4.472136
520 5.744563
521 5.477226
522 5.477226
523 5.567764
524 4.358899
525 4.242640
526 5.291502
527 5.291502
528 5.567764
529 4.690416
530 5.099020
531 5.000000
532 5.291502
533 5.477226
534 5.830952
535 4.690416
536 5.000000
537 5.099020
538 4.898980
539 5.656854
540 5.656854
541 5.567764
542 5.385165
543 5.656854
544 3.464102
545 4.898980
546 5.744563
547 5.656854
548 5.291502
549 5.744563
550 5.656854
551 5.196152
552 5.656854
553 5.291502
554 5.291502
555 4.898980
556 5.567764
557 5.099020
558 5.656854
559 5.291502
560 4.795832
561 5.567764
562 5.385165
563 5.477226
564 5.477226
565 5.567764
566 5.291502
567 5.744563
568 5.477226
569 5.291502
570 5.744563
571 5.385165
572 4.690416
573 5.744563
574 4.898980
575 5.656854
576 5.477226
577 5.916080
578 5.291502
579 5.196152
580 4.898980
581 4.472136
582 5.656854
583 5.567764
584 5.656854
585 5.385165
586 5.000000
587 5.477226
588 3.605551
589 5.744563
590 5.656854
591 5.196152
592 5.567764
593 5.656854
594 5.656854
595 5.385165
596 4.472136
597 5.196152
598 5.099020
599 5.477226
600 4.000000
601 4.242640
602 3.000000
603 4.795832
604 5.744563
605 5.291502
606 5.000000
607 5.291502
608 4.795832
609 5.477226
610 5.567764
611 5.196152
612 4.898980
613 5.385165
614 5.567764
615 5.567764
616 5.744563
617 4.000000
618 5.000000
619 5.477226
620 5.477226
621 4.472136
622 4.472136
623 4.898980
624 5.385165
625 5.385165
626 5.291502
627 5.099020
628 4.898980
629 5.291502
630 5.567764
631 4.472136
632 4.690416
633 4.898980
634 5.477226
635 5.567764
636 5.567764
637 5.385165
638 5.656854
639 5.744563
640 4.898980
641 5.567764
642 4.582576
643 4.898980
644 5.477226
645 4.472136
646 5.385165
647 5.744563
648 5.477226
649 5.196152
650 4.795832
651 5.099020
652 5.744563
653 4.123106
654 5.196152
655 5.000000
656 5.099020
657 5.567764
658 5.099020
659 5.567764
660 5.656854
661 5.196152
662 5.477226
663 5.099020
664 5.744563
665 5.477226
666 5.477226
667 5.744563
668 5.830952
669 5.291502
670 5.830952
671 5.385165
672 5.000000
673 5.567764
674 5.916080
675 5.567764
676 5.656854
677 5.385165
678 4.242640
679 5.000000
680 5.567764
681 4.358899
682 5.099020
683 5.385165
684 5.567764
685 4.358899
686 4.582576
687 5.291502
688 5.385165
689 5.291502
690 4.123106
691 5.385165
692 5.196152
693 5.477226
694 5.477226
695 5.567764
696 5.196152
697 5.000000
698 5.830952
699 5.385165
700 5.099020
701 5.477226
702 5.477226
703 4.582576
704 5.656854
705 5.291502
706 5.385165
707 5.291502
708 5.567764
709 5.477226
710 4.898980
711 5.830952
712 5.000000
713 5.567764
714 5.385165
715 5.099020
716 5.567764
717 5.567764
718 4.472136
719 5.385165
720 5.656854
721 5.477226
722 5.567764
723 5.000000
724 5.291502
725 5.567764
726 5.477226
727 5.196152
728 5.477226
729 5.477226
730 5.916080
731 5.196152
732 5.744563
733 5.477226
734 5.477226
735 4.795832
736 4.795832
737 5.477226
738 5.385165
739 5.567764
740 5.567764
741 5.385165
742 3.000000
743 5.385165
744 4.898980
745 5.291502
746 5.196152
747 5.916080
748 5.196152
749 5.385165
750 5.099020
751 5.567764
752 5.477226
753 5.291502
754 5.744563
755 5.567764
756 5.291502
757 4.582576
758 5.830952
759 5.196152
760 5.567764
761 4.795832
762 5.385165
763 5.656854
764 5.291502
765 5.196152
766 5.656854
767 5.291502
768 5.099020
769 5.916080
770 5.477226
771 5.567764
772 4.898980
773 5.385165
774 5.830952
775 5.099020
776 5.656854
777 4.242640
778 4.472136
779 5.477226
780 5.477226
781 5.196152
782 5.744563
783 5.567764
784 5.567764
785 5.567764
786 4.898980
787 5.477226
788 5.656854
789 5.744563
790 4.472136
791 4.000000
792 5.656854
793 5.477226
794 5.830952
795 4.000000
796 5.000000
797 5.196152
798 4.472136
799 5.385165
800 5.830952
801 4.358899
802 5.567764
803 4.898980
804 5.385165
805 5.567764
806 5.744563
807 5.099020
808 5.656854
809 5.099020
810 5.656854
811 4.795832
812 5.196152
813 5.656854
814 5.291502
815 4.123106
816 4.795832
817 4.472136
818 5.477226
819 5.567764
820 5.477226
821 5.567764
822 5.196152
823 5.099020
824 5.567764
825 5.656854
826 5.385165
827 5.567764
828 5.656854
829 5.567764
830 5.477226
831 5.385165
832 4.582576
833 5.744563
834 4.582576
835 5.291502
836 3.162278
837 5.385165
838 5.477226
839 5.385165
840 5.196152
841 5.567764
842 5.656854
843 4.472136
844 5.477226
845 5.567764
846 5.385165
847 5.099020
848 5.477226
849 5.656854
850 5.477226
851 5.744563
852 5.385165
853 5.385165
854 5.830952
855 5.196152
856 5.656854
857 5.291502
858 5.567764
859 5.477226
860 5.656854
861 5.744563
862 4.795832
863 5.744563
864 5.477226
865 5.477226
866 2.236068
867 4.472136
868 5.830952
869 5.477226
870 4.123106
871 4.358899
872 5.477226
873 5.744563
874 5.477226
875 5.830952
876 5.099020
877 5.744563
878 4.898980
879 5.656854
880 5.477226
881 5.196152
882 5.656854
883 4.898980
884 5.656854
885 5.196152
886 5.291502
887 5.291502
888 5.477226
889 5.744563
890 5.196152
891 4.242640
892 5.291502
893 5.477226
894 5.196152
895 5.477226
896 5.196152
897 3.872983
898 5.567764
899 5.385165
900 5.291502
901 5.196152
902 5.000000
903 4.472136
904 5.477226
905 5.385165
906 5.196152
907 5.099020
908 5.385165
909 5.000000
910 5.291502
911 4.690416
912 5.196152
913 4.690416
914 5.567764
915 5.291502
916 4.898980
917 5.477226
918 5.385165
919 5.385165
920 5.567764
921 5.744563
922 5.099020
923 5.385165
924 5.000000
925 5.744563
926 5.744563
927 5.744563
928 5.567764
929 5.477226
930 4.898980
931 5.385165
932 3.741657
933 5.291502
934 5.099020
935 5.385165
936 4.358899
937 4.795832
938 4.898980
939 4.582576
940 5.000000
941 5.000000
942 5.567764
943 5.477226
944 5.196152
945 4.898980
946 5.477226
947 5.291502
948 5.477226
949 5.099020
950 5.291502
951 5.744563
952 5.656854
953 5.000000
954 5.567764
955 5.099020
956 5.656854
957 5.385165
958 5.830952
959 5.196152
960 4.795832
961 5.291502
962 4.690416
963 5.656854
964 4.582576
965 3.464102
966 5.830952
967 4.123106
968 5.567764
969 5.656854
970 5.291502
971 5.656854
972 5.000000
973 5.291502
974 5.567764
975 5.567764
976 5.477226
977 5.656854
978 5.196152
979 4.582576
980 4.582576
981 5.385165
982 5.477226
983 4.898980
984 5.385165
985 5.567764
986 5.291502
987 5.656854
988 5.830952
989 5.477226
990 5.196152
991 5.000000
992 5.656854
993 5.567764
994 5.099020
995 5.567764
996 4.000000
997 5.656854
998 5.567764
999 4.898980
